0.5, 0.9, 8, 10, 10, 1000, 2, 1, 2, 0.5, 0.1, true, 2147483647, null
10 20 419 419 419 1
27 54 158 158 158 1
34 68 263 263 263 1
5 10 365 365 365 1
56 112 854 854 854 0
20 40 993 993 993 0
14 28 858 858 858 1
38 76 555 555 555 1

126 252 634 634 634 1
9 18 855 855 855 0
1 2 297 297 297 1
39 78 358 358 358 1
4 8 622 622 622 1
1 2 617 617 617 1
45 90 557 557 557 1
60 120 633 633 633 0

1 2 293 293 293 1
125 250 945 945 945 0
32 64 754 754 754 0
90 180 615 615 615 1
33 66 755 755 755 0
37 74 736 736 736 1
27 54 425 425 425 0
18 36 706 706 706 0

21 42 183 183 183 0
26 52 589 589 589 0
2 4 448 448 448 1
2 4 145 145 145 1
49 98 789 789 789 0
15 30 229 229 229 0
69 138 451 451 451 1
38 76 733 733 733 1

23 46 861 861 861 0
3 6 882 882 882 1
91 182 979 979 979 1
40 80 364 364 364 1
9 18 124 124 124 1
101 202 769 769 769 1
14 28 751 751 751 1
54 108 997 997 997 1

7 14 119 119 119 1
92 184 793 793 793 0
19 38 380 380 380 1
63 126 814 814 814 0
17 34 386 386 386 1
37 74 786 786 786 1
39 78 654 654 654 0
13 26 214 214 214 0

35 70 478 478 478 0
59 118 792 792 792 0
5 10 355 355 355 1
58 116 326 326 326 0
4 8 551 551 551 1
3 6 105 105 105 0
24 48 389 389 389 0
53 106 689 689 689 1

61 122 624 624 624 1
54 108 337 337 337 0
35 70 394 394 394 1
11 22 519 519 519 1
18 36 787 787 787 1
19 38 357 357 357 0
9 18 512 512 512 0
28 56 647 647 647 0

5 10 959 959 959 0
143 286 825 825 825 1
20 40 251 251 251 0
6 12 524 524 524 0
30 60 597 597 597 0
95 190 803 803 803 0
18 36 697 697 697 1
21 42 449 449 449 1

29 58 955 955 955 1
17 34 544 544 544 0
17 34 674 674 674 1
120 240 774 774 774 0
45 90 730 730 730 0
57 114 767 767 767 1
106 212 988 988 988 0
7 14 346 346 346 1

2 4 597 597 597 1
19 38 314 314 314 0
121 242 421 421 421 1
9 18 243 243 243 1
2 4 318 318 318 1
19 38 815 815 815 1
157 314 998 998 998 0
24 48 767 767 767 0

109 218 870 870 870 1
8 16 508 508 508 0
28 56 299 299 299 0
6 12 519 519 519 1
69 138 596 596 596 0
47 94 373 373 373 0
18 36 205 205 205 1
27 54 818 818 818 0

2 4 601 601 601 0
58 116 238 238 238 0
13 26 607 607 607 0
20 40 621 621 621 0
35 70 293 293 293 1
11 22 331 331 331 0
33 66 362 362 362 1
18 36 253 253 253 1

17 34 651 651 651 1
22 44 262 262 262 1
94 188 683 683 683 1
14 28 772 772 772 1
1 2 475 475 475 0
80 160 817 817 817 1
159 318 719 719 719 0
4 8 167 167 167 0

42 84 760 760 760 1
56 112 972 972 972 0
10 20 313 313 313 1
14 28 366 366 366 1
83 166 647 647 647 1
75 150 824 824 824 1
110 220 713 713 713 1
47 94 924 924 924 1

1 2 121 121 121 0
80 160 777 777 777 1
112 224 951 951 951 1
4 8 227 227 227 0
20 40 351 351 351 1
123 246 795 795 795 1
3 6 500 500 500 0
78 156 547 547 547 0

50 100 769 769 769 1
98 196 751 751 751 1
1 2 850 850 850 0
11 22 116 116 116 0
7 14 233 233 233 0
7 14 740 740 740 0
8 16 598 598 598 0
124 248 463 463 463 0

50 100 287 287 287 0
56 112 797 797 797 0
1 2 141 141 141 0
2 4 343 343 343 0
41 82 483 483 483 1
102 204 887 887 887 0
83 166 751 751 751 1
22 44 571 571 571 1

92 184 937 937 937 0
2 4 43 43 43 1
153 306 826 826 826 0
8 16 503 503 503 0
23 46 437 437 437 1
21 42 883 883 883 0
55 110 895 895 895 0
85 170 630 630 630 1

8 16 587 587 587 1
124 248 596 596 596 0
28 56 357 357 357 0
13 26 721 721 721 0
23 46 316 316 316 1
3 6 955 955 955 1
101 202 784 784 784 0
67 134 806 806 806 0

8 16 545 545 545 0
179 358 756 756 756 0
68 136 685 685 685 0
8 16 438 438 438 0
26 52 619 619 619 1
145 290 969 969 969 1
27 54 571 571 571 1
56 112 580 580 580 1

6 12 428 428 428 0
98 196 582 582 582 1
2 4 125 125 125 0
50 100 641 641 641 0
171 342 851 851 851 0
89 178 416 416 416 0
10 20 715 715 715 1
2 4 959 959 959 1

111 222 756 756 756 0
104 208 906 906 906 1
34 68 769 769 769 0
13 26 987 987 987 0
101 202 803 803 803 1
8 16 583 583 583 0
182 364 809 809 809 0
21 42 981 981 981 0

81 162 753 753 753 0
109 218 475 475 475 0
49 98 626 626 626 0
87 174 714 714 714 0
68 136 778 778 778 1
4 8 669 669 669 1
40 80 823 823 823 0
23 46 791 791 791 0

14 28 497 497 497 0
26 52 767 767 767 0
19 38 611 611 611 0
6 12 685 685 685 0
93 186 701 701 701 1
140 280 582 582 582 1
54 108 439 439 439 1
44 88 410 410 410 0

8 16 186 186 186 1
21 42 519 519 519 1
40 80 866 866 866 0
174 348 976 976 976 1
35 70 793 793 793 0
105 210 993 993 993 1
138 276 593 593 593 0
15 30 911 911 911 1

13 26 151 151 151 0
63 126 877 877 877 0
7 14 697 697 697 1
158 316 822 822 822 1
18 36 402 402 402 0
125 250 992 992 992 1
103 206 766 766 766 1
35 70 789 789 789 0

94 188 372 372 372 1
7 14 338 338 338 1
15 30 263 263 263 1
55 110 477 477 477 0
34 68 524 524 524 0
135 270 941 941 941 0
45 90 835 835 835 1
2 4 575 575 575 0

54 108 481 481 481 0
13 26 433 433 433 1
27 54 746 746 746 0
11 22 723 723 723 1
16 32 972 972 972 1
33 66 439 439 439 1
69 138 947 947 947 1
65 130 186 186 186 1

50 100 502 502 502 1
30 60 922 922 922 0
45 90 909 909 909 0
194 388 757 757 757 0
9 18 680 680 680 0
39 78 851 851 851 0
81 162 403 403 403 0
3 6 263 263 263 0

27 54 672 672 672 1
183 366 614 614 614 1
21 42 421 421 421 1
92 184 568 568 568 0
53 106 590 590 590 1
4 8 146 146 146 0
74 148 771 771 771 0
39 78 919 919 919 1

110 220 674 674 674 1
13 26 541 541 541 1
7 14 93 93 93 1
62 124 995 995 995 1
100 200 556 556 556 0
51 102 233 233 233 0
27 54 366 366 366 1
5 10 502 502 502 1

13 26 746 746 746 0
104 208 452 452 452 1
7 14 930 930 930 0
10 20 911 911 911 1
100 200 877 877 877 1
15 30 417 417 417 1
2 4 19 19 19 1
73 146 244 244 244 1

108 216 581 581 581 1
153 306 815 815 815 0
114 228 997 997 997 1
5 10 243 243 243 1
67 134 478 478 478 0
7 14 667 667 667 1
35 70 537 537 537 1
39 78 480 480 480 0

26 52 399 399 399 1
83 166 761 761 761 1
160 320 422 422 422 1
23 46 669 669 669 0
12 24 668 668 668 0
50 100 466 466 466 1
8 16 176 176 176 0
36 72 694 694 694 0

53 106 761 761 761 1
55 110 546 546 546 1
64 128 517 517 517 1
282 564 837 837 837 0
10 20 518 518 518 1
7 14 356 356 356 1
43 86 772 772 772 1
19 38 233 233 233 0

64 128 348 348 348 1
39 78 794 794 794 1
83 166 946 946 946 1
24 48 323 323 323 1
1 2 808 808 808 1
92 184 698 698 698 0
237 474 911 911 911 0
11 22 653 653 653 1

21 42 343 343 343 1
128 256 922 922 922 0
23 46 317 317 317 1
247 494 871 871 871 0
192 384 939 939 939 1
2 4 385 385 385 0
19 38 752 752 752 1
11 22 876 876 876 0

22 44 534 534 534 1
27 54 689 689 689 1
39 78 563 563 563 1
4 8 977 977 977 1
2 4 161 161 161 1
24 48 957 957 957 1
486 972 814 814 814 0
12 24 746 746 746 1

3 6 211 211 211 1
209 418 777 777 777 1
76 152 829 829 829 1
10 20 76 76 76 1
8 16 661 661 661 0
15 30 473 473 473 1
18 36 552 552 552 0
186 372 796 796 796 0

289 578 712 712 712 1
4 8 83 83 83 1
142 284 919 919 919 0
8 16 851 851 851 1
34 68 497 497 497 0
38 76 939 939 939 1
121 242 717 717 717 0
6 12 697 697 697 0

147 294 513 513 513 1
50 100 768 768 768 0
138 276 571 571 571 0
22 44 715 715 715 0
54 108 708 708 708 1
43 86 994 994 994 1
98 196 982 982 982 1
34 68 533 533 533 0

92 184 721 721 721 0
89 178 822 822 822 1
11 22 263 263 263 1
113 226 801 801 801 0
12 24 353 353 353 1
144 288 428 428 428 0
4 8 45 45 45 1
23 46 737 737 737 1

27 54 573 573 573 0
177 354 476 476 476 1
7 14 870 870 870 0
101 202 887 887 887 1
19 38 564 564 564 1
161 322 751 751 751 1
21 42 359 359 359 0
5 10 81 81 81 1

103 206 604 604 604 1
15 30 719 719 719 0
80 160 610 610 610 1
90 180 744 744 744 1
164 328 665 665 665 0
3 6 102 102 102 0
55 110 683 683 683 1
81 162 759 759 759 0

163 326 760 760 760 0
40 80 379 379 379 1
2 4 782 782 782 1
13 26 318 318 318 1
8 16 615 615 615 0
56 112 859 859 859 1
296 592 991 991 991 1
55 110 332 332 332 0

7 14 721 721 721 0
21 42 829 829 829 0
37 74 250 250 250 1
99 198 493 493 493 1
39 78 745 745 745 1
90 180 443 443 443 0
87 174 411 411 411 0
23 46 386 386 386 1

17 34 669 669 669 1
31 62 657 657 657 1
36 72 918 918 918 1
225 450 875 875 875 1
23 46 662 662 662 0
70 140 358 358 358 1
24 48 237 237 237 1
43 86 209 209 209 1

41 82 328 328 328 1
2 4 923 923 923 1
56 112 876 876 876 1
56 112 979 979 979 0
76 152 496 496 496 0
5 10 69 69 69 1
90 180 595 595 595 0
201 402 717 717 717 1

51 102 423 423 423 1
166 332 763 763 763 1
6 12 59 59 59 0
1 2 222 222 222 1
139 278 679 679 679 0
71 142 889 889 889 1
79 158 811 811 811 1
75 150 829 829 829 0

